Accuracy: 0.3291139240506329

              precision    recall  f1-score   support

           0       0.50      0.40      0.44         5
           2       1.00      0.50      0.67         4
           3       0.67      0.33      0.44         6
           4       0.00      0.00      0.00         1
           5       0.27      0.50      0.35         6
           6       0.00      0.00      0.00         5
           7       0.36      0.36      0.36        11
           8       0.33      0.40      0.36         5
           9       0.00      0.00      0.00         5
          10       0.20      0.20      0.20         5
          11       0.30      0.50      0.38         6
          12       0.55      0.60      0.57        10
          13       0.00      0.00      0.00         4
          14       0.00      0.00      0.00         3
          15       0.20      1.00      0.33         1
          16       0.00      0.00      0.00         2

    accuracy                           0.33        79
   macro avg       0.27      0.30      0.26        79
weighted avg       0.33      0.33      0.31        79
